[gd_scene load_steps=2 format=3 uid="uid://dc1xmljxkyvc8"]

[ext_resource type="PackedScene" uid="uid://ck2giaui0suk6" path="res://addons/kaykit_character_pack_adventures/Characters/gltf/Barbarian.glb" id="1_jgevw"]

[node name="Barbarian" instance=ExtResource("1_jgevw")]

[node name="Skeleton3D" parent="Rig" index="0"]
bones/1/position = Vector3(0, 0.392064, 0)
bones/1/rotation = Quaternion(-1.11123e-10, 0.0431578, 2.57241e-09, 0.999068)
bones/2/rotation = Quaternion(-6.93889e-18, 7.10543e-15, 4.93038e-32, 1)
bones/4/rotation = Quaternion(-0.559906, -0.0608803, -0.643974, 0.517779)
bones/4/scale = Vector3(0.999999, 0.999999, 1)
bones/5/rotation = Quaternion(3.65498e-08, -4.88301e-08, -0.494719, 0.869053)
bones/6/rotation = Quaternion(-9.73784e-11, -2.98437e-10, 0.0266581, 0.999645)
bones/6/scale = Vector3(1, 1, 1)
bones/7/rotation = Quaternion(-0.321065, -0.325319, 0.145726, 0.87741)
bones/8/rotation = Quaternion(1.60975e-09, 1.60975e-09, -0.707107, 0.707107)
bones/8/scale = Vector3(1, 1, 1)
bones/11/rotation = Quaternion(-0.618244, 0.0807287, 0.618012, 0.478873)
bones/11/scale = Vector3(0.999999, 0.999999, 1)
bones/12/rotation = Quaternion(2.09853e-08, 5.12855e-08, 0.517939, 0.855417)
bones/13/rotation = Quaternion(-9.73784e-11, 2.98437e-10, -0.0266581, 0.999645)
bones/13/scale = Vector3(1, 1, 1)
bones/14/rotation = Quaternion(-0.319291, 0.300524, -0.22735, 0.869512)
bones/15/rotation = Quaternion(-1.02444e-09, -4.24391e-09, 0.707107, 0.707107)
bones/15/scale = Vector3(1, 1, 1)
bones/16/rotation = Quaternion(1.40073e-07, 1, -1.03316e-07, -9.11951e-09)
bones/17/rotation = Quaternion(1.40073e-07, 1, -1.03316e-07, -9.11951e-09)
bones/18/rotation = Quaternion(1.40073e-07, 1, -1.03316e-07, -9.11951e-09)
bones/19/rotation = Quaternion(-5.80608e-11, -0.0313417, -1.88012e-09, 0.999509)
bones/21/rotation = Quaternion(4.44848e-36, -7.10543e-15, -6.26068e-22, 1)
bones/22/rotation = Quaternion(0.996185, 0.0479136, 0.0566427, -0.045939)
bones/22/scale = Vector3(1, 1, 1)
bones/23/rotation = Quaternion(0.165014, 6.49414e-08, -1.11407e-07, 0.986291)
bones/24/rotation = Quaternion(-0.533729, -0.260895, -1.72985e-05, 0.804405)
bones/25/scale = Vector3(1, 1, 1)
bones/26/rotation = Quaternion(0.997322, -0.0294574, 0.0315293, 0.0590483)
bones/26/scale = Vector3(1, 1, 1)
bones/27/rotation = Quaternion(0.274008, -6.38135e-08, 1.92761e-07, 0.961727)
bones/28/rotation = Quaternion(-0.559039, 0.114513, -0.00862763, 0.82115)
bones/29/rotation = Quaternion(3.04791e-08, 0.920355, -0.391084, -6.94849e-08)
bones/29/scale = Vector3(1, 1, 1)
bones/30/rotation = Quaternion(0.707107, -2.29302e-07, -4.60552e-08, 0.707107)
bones/31/position = Vector3(0.213918, 0.0259903, 0.173866)
bones/31/rotation = Quaternion(-0.705092, 0.0533355, 0.0533355, 0.705092)
bones/32/rotation = Quaternion(9.65792e-09, 1.77955e-09, 0.985719, -0.168398)
bones/33/rotation = Quaternion(-1.04035e-07, 0.391084, 0.920355, -2.9526e-08)
bones/33/scale = Vector3(1, 1, 1)
bones/34/scale = Vector3(1, 1, 1)
bones/35/rotation = Quaternion(1, -3.10863e-15, 1.94707e-07, -6.91739e-22)
bones/37/rotation = Quaternion(0.707107, -3.82385e-08, 1.45009e-07, 0.707107)
bones/38/rotation = Quaternion(-0.707107, -7.05285e-08, -7.05285e-08, 0.707107)
bones/39/rotation = Quaternion(-5.83589e-09, 6.43837e-10, 0.994809, 0.101756)
bones/40/rotation = Quaternion(-1.04035e-07, 0.391084, 0.920355, -2.95261e-08)
bones/40/scale = Vector3(1, 1, 1)
bones/41/rotation = Quaternion(-0.391084, -6.885e-08, -6.56288e-08, 0.920355)
bones/41/scale = Vector3(1, 1, 1)
bones/45/position = Vector3(0.520841, 0.788312, -0.0576373)
bones/45/rotation = Quaternion(0.794627, -1.11759e-07, 0.607098, -5.96046e-08)
bones/47/position = Vector3(-0.510844, 0.788312, 0.0597369)
bones/47/rotation = Quaternion(-0.758253, -1.52737e-07, 0.651961, -1.11759e-08)

[node name="1H_Axe_Offhand" parent="Rig/Skeleton3D" index="0"]
transform = Transform3D(4.98848e-07, 0.262865, 0.964832, 0.999999, -3.69554e-07, 5.08624e-07, 8.52128e-07, 0.964832, -0.262864, 0.516524, 0.636706, 0.0136162)
visible = false

[node name="Barbarian_Round_Shield" parent="Rig/Skeleton3D" index="1"]
transform = Transform3D(2.87361e-07, 0.262864, 0.964832, 0.999999, -2.89e-06, 1.4145e-06, 3.52206e-06, 0.964832, -0.262864, 0.662643, 0.636706, -0.0430845)

[node name="1H_Axe" parent="Rig/Skeleton3D" index="2"]
transform = Transform3D(1.53093e-07, -0.149894, 0.988701, 0.999999, -7.56983e-07, -1.17841e-06, 1.43722e-06, 0.988701, 0.149893, -0.496053, 0.64103, 0.139528)

[node name="2H_Axe" parent="Rig/Skeleton3D" index="3"]
transform = Transform3D(1.53093e-07, -0.149894, 0.988701, 0.999999, -7.56983e-07, -1.17841e-06, 1.43722e-06, 0.988701, 0.149893, -0.496053, 0.64103, 0.139528)

[node name="Mug" parent="Rig/Skeleton3D" index="4"]
transform = Transform3D(1.53093e-07, -0.149894, 0.988701, 0.999999, -7.56983e-07, -1.17841e-06, 1.43722e-06, 0.988701, 0.149893, -0.488717, 0.340464, 0.0911349)
visible = false

[node name="Barbarian_Hat" parent="Rig/Skeleton3D" index="5"]
transform = Transform3D(0.99972, -1.40145e-09, 0.0236468, 1.39343e-09, 1, 3.55687e-10, -0.0236468, -3.22638e-10, 0.99972, -7.55729e-09, 1.20227, -1.39052e-07)

[node name="Barbarian_Cape" parent="Rig/Skeleton3D" index="6"]
transform = Transform3D(0.996275, -5.14962e-09, 0.0862354, 5.13044e-09, 1, 4.44078e-10, -0.0862354, 1.46374e-15, 0.996275, -1.91641e-06, 1.20227, 2.59005e-08)
visible = false
